0.8210231461005455 0.1154895987054772 0.4715140288785008 0.02344332556858863 0.014903685891500151
0.8494766327583665 0.16452002019953285 0.7198340138816237 0.0955084595602117 0.13293294606700023
0.8166003243402624 0.16051231180004447 0.5560605087358683 0.06372434098958527 0.06557692428992234
0.8434321096859797 0.14167762353517477 0.6573899033396533 0.046000377158056216 0.04162281882479629
0.7552705292643374 0.0 nan 0.0 0.0
0.8191065900044229 0.2046821423906098 0.6040975220005425 0.07848961778160779 0.05967925022557263
0.8176323160843285 0.14836758131331773 0.5196893945924201 0.04835202617309285 0.04202176349939046
0.8155683325961963 0.20035302670339444 0.564797746209569 0.07474842768772583 0.051285446851543126
0.8223499926286304 0.17772955422664702 0.5760227638784494 0.11200500901015262 0.15751272965488494
0.8518354710305175 0.2085886605304081 0.6918015876887906 0.1128100769536236 0.13099581486317025
0.855078873654725 0.18857444142042407 0.6428800750344738 0.06868266789760674 0.05862241327601725
0.8168951791242813 0.16970339440766277 0.517430094433035 0.0580178156179352 0.03841145000473334
0.8166003243402624 0.17451951461773021 0.5514624221380379 0.05953753183321926 0.03130931903831491
0.8544891640866873 0.13016997641353822 0.6474168277446966 0.04208053775970235 0.049028526112005255
0.818516880436385 0.1496081722470311 0.5362021789210014 0.059588854610491286 0.06244384546271331
0.8298687896211117 0.17831640532192922 0.636347546293156 0.08488188629677844 0.08096406046651317
0.8512457614624798 0.17234587408396218 0.6925089396482522 0.061769773301727685 0.05783731774109979
0.8121775025799793 0.20648748232388614 0.6004060800820963 0.11771605598786986 0.1311112593976601
0.8219077104526021 0.16682844326788737 0.5359555870540988 0.04039960426216264 0.008555156166512812
0.8145363408521303 0.2111559340026328 0.559760107096723 0.08397513043113516 0.06160953980112005
0.8465280849181778 0.18918862318893803 0.7025255270805423 0.09618080647830768 0.11184354214236081
0.821170573492555 0.22619692043243575 0.6196359018676431 0.10073240019172183 0.09878195354841579
0.8182220256523662 0.17826434074880046 0.5562337505151574 0.06793990335781305 0.06932528504359492
0.7512899896800825 0.0 nan 0.0 0.0
0.8534571723426213 0.19851019579249224 0.706733781243924 0.12812973365353897 0.19132165939231155
0.851688043638508 0.17254363519107946 0.6728319948081447 0.07464201038194822 0.07857646229739257
0.8204334365325078 0.22035189826574036 0.5910083464922173 0.08672488079536955 0.06630872483221473
0.8166003243402624 0.17515823004358883 0.5323322452552335 0.0642077388108647 0.05003933445564068
0.8102609464838567 0.19099969059588867 0.5417207911981774 0.06302116790296557 0.034420289855072506
0.8108506560518944 0.13089741466659555 0.4655360012777383 0.057811602240775674 0.07342600495874485
0.8199911543564794 0.1539474681359272 0.5260819313625813 0.08530340337425005 0.11165027970842523
0.8177797434763379 0.15394313537953222 0.5274577954319761 0.07693285006967025 0.10417523597882461
0.8366504496535456 0.17009451605846754 0.5794917880675539 0.044758590966241456 0.021382725105446587
0.8466755123101872 0.1471615772770644 0.6547623800588227 0.04620255175492888 0.04801339500157831
0.8070175438596491 0.23444895615438252 0.5819335002952375 0.08782834069490503 0.03986843416724806
0.8151260504201681 0.16634638933107723 0.5452267093563931 0.064690994275622 0.06576393324692553
0.8207282913165266 0.1784733730248003 0.5142910295727243 0.0603730566057711 0.0446419943955938
0.8329647648533097 0.12327580357297843 0.6314768409991108 0.025322622543059344 0.005833401321693743
0.7585139318885449 0.0 nan 0.0 0.0
0.7533539731682146 0.0 nan 0.0 0.0
0.8148311956361491 0.2150749065533039 0.5827058936394054 0.11042419400148487 0.11385129490392654
0.8471177944862155 0.2014100514786711 0.6763616900129845 0.10169727384825372 0.11957768332996022
0.8485920684063099 0.19787476315333907 0.684616699485833 0.08331392594601678 0.06953679581891226
0.8207282913165266 0.17888322050906355 0.564464951516506 0.07323681135733315 0.06871712200916336
0.8168951791242813 0.20082709146038064 0.6100190204413172 0.07543496111033961 0.04942312550880057
0.8114403656199322 0.12772432216869495 0.4926356109887595 0.05090258382505229 0.07056339020912283
0.8114403656199322 0.16745936816878354 0.5471219041674941 0.06707051223718716 0.05925374369156955
0.8098186643078283 0.23486718162943335 0.573617924364193 0.10133375289442051 0.07077016309085882
0.7484888692319033 0.0 nan 0.0 0.0
0.8192540173964322 0.1866680289757213 0.5858089520056508 0.07341579653475894 0.0569405327110325