0.8536045997346307 0.12198927486869156 0.5100023041474655 0.06799098690020525 0.08704197396329949
0.8236768391567153 0.09270265408229239 0.41519941605140653 0.05558584492638622 0.07274576392684651
0.8163054695562435 0.0818356329026152 0.30426877255827833 0.01946797332290482 0.005691093778342204
0.8140940586761021 0.09414127707274567 0.3882410285515996 0.0569023375132331 0.08164829760768322
0.8149786230281586 0.09451581561049338 0.2987374886260237 0.053223247188290364 0.051569437354001324
0.8434321096859797 0.06152747325167385 0.2993033774065539 0.04267260083562857 0.07527606213737603
0.816452896948253 0.08984895518072186 0.3405263717480024 0.045758953948122245 0.04882540875775232
0.7554179566563467 0.0 nan 0.0 0.0
0.8223499926286304 0.09256300360020572 0.33829573934837087 0.06580750753768015 0.10366870483602009
0.7459826035677429 0.0 nan 0.0 0.0
0.8278048061329795 0.10104102507933754 0.3762193353786345 0.055878690138924325 0.07988543334611309
0.8155683325961963 0.13943203556971864 0.45071134078487474 0.07220946787437912 0.06318162115301262
0.815420905204187 0.07629978818773753 0.30277119740577496 0.03288236228280129 0.032903225806451664
0.8245614035087719 0.0921271415111696 0.39643417803320524 0.05668665992904367 0.08395912725099008
0.8160106147722247 0.10054566645475738 0.346363719317456 0.05280325062724541 0.06201406427970091
0.8099660916998378 0.08959397565161606 0.3498602770759893 0.03229571144755443 0.02952448231710003
0.8488869231903288 0.11536382224791514 0.46464875119921534 0.06374602069823705 0.08128700128700128
0.8161580421642342 0.05956561864399185 0.23380709474477934 0.018140975609781722 0.012889323250448559
0.7978770455550641 0.0926202101603297 0.3918651134896979 0.04867448269602051 0.048102981029810254
0.8177797434763379 0.11711919467393919 0.4079558551321901 0.035189163548583625 0.01108034439492922
0.8149786230281586 0.1292741707598466 0.4159317966500583 0.08292907048314957 0.10791847041847036
0.8292790800530738 0.07502542162927683 0.44319452696326844 0.030361088376552017 0.03941375037388367
0.8167477517322719 0.12361777557919038 0.4099569088085395 0.056305744396404594 0.05648492907801417
0.8344390387734041 0.08637236853706826 0.4088985864718717 0.04357106149806082 0.052724670555195474
0.821170573492555 0.07568746780010302 0.2798273809523809 0.013532550002305417 0.0025660407383831796
0.8485920684063099 0.07102875277973338 0.3778755406269043 0.027894898744007086 0.028574421723097543
0.7434763379035825 0.0 nan 0.0 0.0
0.8129146395400265 0.13457851067423202 0.41389106079652993 0.08193906206606849 0.08948929991793442
0.807312398643668 0.10470440494590419 0.31557647515527953 0.04066748772021127 0.046482401283338026
0.8180745982603568 0.09677664994963517 0.36919195780139136 0.04852323416002804 0.062376167058655896
0.8157157599882058 0.09410702079875011 0.30783358620138945 0.03602168563958157 0.03743403693931402
0.8319327731092437 0.08069847220920426 0.34682042738044994 0.05863017966898636 0.10032682549238847
0.7520271266401297 0.0 nan 0.0 0.0
0.8382721509656494 0.09355817823583568 0.48045166398086436 0.03451308264149429 0.03856304645283981
0.8180745982603568 0.09819245369682397 0.36080017869995784 0.04185242179466835 0.04345426263234475
0.8183694530443757 0.08963421019273271 0.3226500813395231 0.023054542090798 0.005964214711729698
0.8195488721804511 0.1012711687971781 0.3872486579929033 0.04773982759051266 0.05454386463502603
0.7498157157599882 0.0 nan 0.0 0.0
0.7585139318885449 0.0 nan 0.0 0.0
0.8163054695562435 0.14506949097496685 0.4669299077267155 0.1086295889372477 0.13377616242636925
0.8176323160843285 0.08998990886051705 0.36176441231409795 0.024216847792058585 0.013630319148936199
0.8135043491080642 0.08530095447376881 0.3201262272089762 0.04954061956496023 0.058269248760407955
0.8183694530443757 0.12553592865717714 0.41567291311754684 0.09048240140916272 0.12139344673591246
0.7539436827362523 0.0 nan 0.0 0.0
0.8485920684063099 0.08440130402124843 0.4289537377752416 0.024620387602821606 0.021441790402410232
0.7477517322718561 0.0 nan 0.0 0.0
0.8112929382279227 0.096341350870981 0.37140471164752853 0.03196497131301977 0.019263089851325188
0.8400412796697626 0.07818120245720464 0.396194940119208 0.04931220881378369 0.07582723405298708
0.784608580274215 0.08547604446061 0.49307945647669527 0.05191514987952093 0.05288940513192508
0.8157157599882058 0.09495530266857657 0.317747572815534 0.036303185375412036 0.04143356643356644