0.8845396894817407 0.03075775646070987 0.36727407042600335 0.050460817813888684 0.0951941702794945
0.895692105838618 0.04955764469606469 0.5574294060370011 0.0033585033045701526 0.006320224719101097
0.899409577957577 0.07801035336484359 0.6394833948339484 0.020255140036687297 0.005267348563728791
0.8712005248195933 0.0 nan 0.0 0.0
0.895692105838618 0.010025743166375084 0.08942640792176326 0.0524891549211224 0.10158102766798421
0.897878854143888 0.06460578017942117 0.7938815536728874 0.09171194912347785 0.1833017975402081
0.8906625847364968 0.09866396457254371 1.4508830022075054 0.07460980248408929 0.09026763990267639
0.8939427071944019 0.035841292420239784 0.42436090225563916 0.09527253145884414 0.15009771165605496
0.897222829652307 0.06016796239780803 0.5723670269124814 0.0580493645698973 0.10597484276729557
0.899409577957577 0.0978127366891159 0.9164269275028771 0.031057083926220638 0.004678362573099393
0.899409577957577 0.07286330935251799 0.9207272727272728 0.0336629013236607 0.04476361460203471
0.9005029521102121 0.024623148369695258 0.3412722339463372 0.016241352635989817 0.015142214037241641
0.9040017493986442 0.07290814356707437 0.9505853557161661 0.019814918936619533 0.025706503234593114
0.8924119833807129 0.006679264188182765 0.07393828860684115 0.07942616315459919 0.13900192760762475
0.892849333041767 0.0977604476355125 0.7448574758095139 0.12468478108857879 0.1583577712609971
0.8781981193964574 0.0 nan 0.0 0.0
0.897222829652307 0.07992301743532058 0.949887199197861 0.024000925328090197 0.0321565407772304
0.9005029521102121 0.030161688133735265 0.25961220927489737 0.05004661148620016 0.0714285714285714
0.8736059479553904 0.0 nan 0.0 0.0
0.8729499234638093 0.0 nan 0.0 0.0
0.8720752241417012 0.0 nan 0.0 0.0
0.9024710255849552 0.13415040655245894 1.3063412937630416 0.07341344602772787 0.10235443394896382
0.9053137983818063 0.0981117238887649 0.9202631316655037 0.06508479413894101 0.11359404096834258
0.8976601793133611 0.03622873474739513 0.4177567315042894 0.04920336343934918 0.07808323787705235
0.8733872731248633 0.0 nan 0.0 0.0
0.9044390990596982 0.09150785040224357 0.8095345889170593 0.04315373092487112 0.038697051953790806
0.8725125738027553 0.0 nan 0.0 0.0
0.8904439099059698 0.12961841308298 0.8425196850393699 0.06219336219336219 0.03736263736263734
0.8681390771922152 0.0 nan 0.0 0.0
0.8976601793133611 0.13517805755395684 1.0493403141361255 0.0897136772296355 0.15124886829632
0.8871637874480647 0.06534257251424441 0.46059803879709094 0.01955886529582842 0.0008458090163241394
0.896785479991253 0.11257923251728291 1.2191974791591877 0.11042466182256676 0.19471547178958848
0.8976601793133611 0.10089326614750344 0.7440878378378379 0.021845189975413334 0.021381719056137616
0.8945987316859829 0.07964277665089026 0.8901133501259448 0.05396622050644657 0.08699912891986061
0.895692105838618 0.10685433768561708 0.825070776973891 0.04992553720805244 0.08681829298116905
0.8718565493111743 0.0 nan 0.0 0.0
0.8749179969385523 0.0 nan 0.0 0.0
0.9035643997375902 0.08153188247718972 0.790930466913 0.060056612976781984 0.07128724394785846
0.89481740651651 0.05224216829795605 0.8751056040551959 0.01480516317286252 0.0011716461628588082
0.8746993221080254 0.0 nan 0.0 0.0
0.8987535534659961 0.09960969637932508 1.104671532846715 0.09380370872908185 0.17927408412483037
0.8895692105838618 0.04304849962744699 0.5572458843902759 0.1139104092985758 0.16975174216027872
0.8773234200743495 0.0 nan 0.0 0.0
0.8736059479553904 0.0 nan 0.0 0.0
0.8701071506669582 0.0 nan 0.0 0.0
0.899846927618631 0.10971368302982869 1.0425134221515209 0.07906977520582457 0.15538033395176254
0.8869451126175377 0.040579961798923425 1.1165790731008123 0.04479966226365442 0.053874434389140274
0.8775420949048764 0.14525311114180056 0.8090598290598292 0.06678482498996913 0.03750000000000009
0.8668270282090531 0.0 nan 0.0 0.0
0.897878854143888 0.0773424981329621 0.6655643601422598 0.006573630927578549 0.012221664155365852