0.6821621621621622 0.11822652383637156 0.15548278134783322 0.08221001483089935 0.03891372743831756
0.6745945945945946 0.13145642214025277 0.19365775359198212 0.10655775487202163 0.08917694830548184
0.6605405405405406 0.15545716386812103 0.22266353602071487 0.13731595040945135 0.07269485481406013
0.6886486486486486 0.1746330054918666 0.2679418172497757 0.15519199742000675 0.09978252114377772
0.6854054054054054 0.1805720105589158 0.24384938178041626 0.17086662281707476 0.12253848907984244
0.6810810810810811 0.21475866598864313 0.29811248612122154 0.19608693083447643 0.15010351966873714
0.6594594594594595 0.18588383118460095 0.21464321638674677 0.16355597339995032 0.12231909328683532
0.6572972972972972 0.1400800457404231 0.2101200686106347 0.11524099916951655 0.07016700708879009
0.6378378378378379 0.21056946929039944 0.2663084464555052 0.2025272671820356 0.15834617360041092
0.6648648648648648 0.1518416235830577 0.25856459330143544 0.12228887842409267 0.10828402366863898
0.6594594594594595 0.20381258897072474 0.250666057699627 0.19681178511095704 0.15422627686778623
0.6756756756756757 0.19602313294302443 0.26323106423777565 0.16013982740675864 0.1008673509986473
0.6767567567567567 0.182953055337005 0.26257151460403494 0.1613552048708258 0.06689252026039583
0.654054054054054 0.2139743589743589 0.263415404040404 0.2118939393939394 0.18545454545454543
0.6821621621621622 0.2341511992541741 0.3235543844239497 0.205758641389737 0.13844936708860756
0.6810810810810811 0.16403903903903905 0.22951680672268904 0.14545085080974712 0.06583857030636286
0.6886486486486486 0.18070511951796686 0.22606138457626135 0.14000637044115305 0.06206402293358815
0.6713513513513514 0.2103777136403563 0.2878852923499613 0.18647919006698818 0.09107196177963561
0.6854054054054054 0.2289904808595825 0.33530748983010294 0.204535856079682 0.20897730016904126
0.6702702702702703 0.11035267349260525 0.16552901023890787 0.08466229706638914 0.07019039499857915
0.6886486486486486 0.1846184419713831 0.22675128142543322 0.17232704251608924 0.08266578093861121
0.667027027027027 0.19539925965097826 0.27337969813554297 0.16757183425062175 0.16714520098441354
0.667027027027027 0.20528233151183972 0.2979904812268641 0.18557684448451048 0.10799165848025782
0.6735135135135135 0.22027028418981698 0.2992701751439707 0.18716646512844953 0.1738363950902051
0.6756756756756757 0.1199359741441911 0.1903838036172354 0.08913972009453447 0.04730221058755091
0.6562162162162162 0.1341662330384662 0.17285836766004636 0.11659896014781845 0.06716167128066441
0.6810810810810811 0.1468969656280834 0.19685382843277577 0.117719044250128 0.07296165858196557
0.6745945945945946 0.21836388894735737 0.29891590131460477 0.20516098379356293 0.13720930232558148
0.6627027027027027 0.17022099330451734 0.2279611540289571 0.15951163273446595 0.08364911580906798
0.6789189189189189 0.15636225651404 0.21293234118781867 0.14333474619490466 0.07186417524515787
0.6897297297297297 0.27448162912147345 0.33605735580651885 0.25239862481203357 0.17492568630879524
0.5675675675675675 0.0 0.0 0.0 0.0
0.6713513513513514 0.20349761526232124 0.26890756302521024 0.1744004281355952 0.13233320173707064
0.6702702702702703 0.23213912243276025 0.3811968747316905 0.1705257899330583 0.16513776206924258
0.6864864864864865 0.15388372721415056 0.23155837047462657 0.1302160144286598 0.11017517954225109
0.6627027027027027 0.15036856062978976 0.21105542366423402 0.14180103121288612 0.08302734978209403
0.6886486486486486 0.20971346168664623 0.30280055947612694 0.14887538713247367 0.1396960630187467
0.667027027027027 0.2801659125188537 0.40882579509188954 0.24631792881097192 0.247714924896133
0.6735135135135135 0.18375629732815224 0.2381175352877306 0.1469971044788355 0.1168279843776533
0.6767567567567567 0.16440268658969137 0.2227391237666786 0.15618599137614048 0.012670045345425485
0.667027027027027 0.24418130888719125 0.3549772331840225 0.2357460872077881 0.17737452735675274
0.6832432432432433 0.16390949439771563 0.2313589766056251 0.13280054556150875 0.10729517007038591
0.6691891891891892 0.17813326282390263 0.23934204916867974 0.1331057657256013 0.1445042626851103
0.6789189189189189 0.17675771053895473 0.22861637768054888 0.15083667929379677 0.10939961491335559
0.6994594594594594 0.21755684822845056 0.31597542242703536 0.17817994362616787 0.12993848257006146
0.6864864864864865 0.10968974299606393 0.16164804230998897 0.06597588582370204 0.04733508523684393
0.6789189189189189 0.17461709281089155 0.21792763157894735 0.15686780242047246 0.0647043082686648
0.6735135135135135 0.19380187815640337 0.2721652462805143 0.16031204600422153 0.11229982058608545
0.6616216216216216 0.19477832101493842 0.3012827231462595 0.17110464785407745 0.1411666107945022
0.6767567567567567 0.20677933473155213 0.301590820088814 0.18316056885539303 0.14653465346534655