0.6821621621621622 0.2627711838615713 0.32541861842459485 0.23880905646156766 0.1746104691876751
0.6983783783783784 0.25731737979382663 0.29269851951547776 0.25609768301007485 0.17550242550242556
0.6681081081081081 0.17781499279970236 0.20723761750756675 0.14796258352595298 0.12404514316692128
0.7016216216216217 0.20839636347297308 0.26644963615472983 0.18766334937955012 0.16032243618450515
0.6832432432432433 0.22266666666666668 0.2783333333333333 0.1555353542577484 0.1887424872861766
0.6875675675675675 0.22769071834941146 0.30467966628050747 0.21229844039122392 0.1297250859106529
0.6724324324324324 0.2290846759316198 0.3330390666905061 0.19695906411863515 0.21062271062271065
0.654054054054054 0.21794258373205733 0.2605835240274599 0.20205474705474707 0.14589743589743598
0.6464864864864864 0.134727490680986 0.17137336814621418 0.13372597287344826 0.05834320745968791
0.6864864864864865 0.27714829958782855 0.3703073918862584 0.24058440526546931 0.17327739638952455
0.6508108108108108 0.1901832040038569 0.2626339483862786 0.17565738252357974 0.1430652680652681
0.6627027027027027 0.27440505472881566 0.3797765957446808 0.26027018859191875 0.2254379284082254
0.6627027027027027 0.20140380116021916 0.2847433050885857 0.1765953906315001 0.16831683168316824
0.6562162162162162 0.2256756756756757 0.2577160493827161 0.1880420388540086 0.17548270313757042
0.6778378378378378 0.30713388245148676 0.4168245547555892 0.2802675768989328 0.24509259259259253
0.6843243243243243 0.20827067669172938 0.24887690925426775 0.16379807207482935 0.1668360003386674
0.6918918918918919 0.27854312134364967 0.32496697490092463 0.26377132201037784 0.15993119266055056
0.652972972972973 0.1771812080536913 0.2214765100671141 0.1640957095270348 0.09430451554345365
0.6875675675675675 0.30004662846141117 0.38701666569660276 0.2637098372071827 0.2448833548017747
0.667027027027027 0.23911460608708313 0.30743306496910683 0.22618359143577516 0.11424563591022441
0.6962162162162162 0.20489360387905742 0.249941133809914 0.1653313734136738 0.09165221699281645
0.6713513513513514 0.18741666937660562 0.24937259313746696 0.16498119319980056 0.11839213846571683
0.6756756756756757 0.20451267587577315 0.2395719917401914 0.17143965338500147 0.13570391872278664
0.6702702702702703 0.23491864054477485 0.2828949826278627 0.20789437965169077 0.1618183068564748
0.6843243243243243 0.23034290271132374 0.2676519644180875 0.20394193880177808 0.12420034326728036
0.5491891891891892 0.0 0.0 0.0 0.0
0.6854054054054054 0.25632250861608663 0.3218933829132251 0.21018554172192985 0.18896447467876043
0.6648648648648648 0.1766652702136573 0.2226269665294055 0.13598625102430356 0.115130890052356
0.654054054054054 0.19295918842198334 0.23910160304463157 0.1817162978624326 0.1111415400063901
0.6464864864864864 0.2294856141009987 0.34321299808025474 0.18202144687216623 0.15672582057360074
0.6767567567567567 0.24272381385971187 0.3256544502617801 0.21011128742417035 0.189923273657289
0.6562162162162162 0.24214958830343447 0.3172347319634141 0.22209821428571427 0.22619047619047616
0.6648648648648648 0.2088430074016362 0.2669421899118658 0.18650556864842577 0.1445118587975731
0.6940540540540541 0.21694687079302455 0.27987802415283325 0.19593200492534468 0.08376680402621084
0.6864864864864865 0.22640319986087565 0.28606350252691715 0.19144582866414533 0.1581869834710744
0.6702702702702703 0.2727453492996333 0.36972147349505846 0.22039440219273715 0.28008059873344837
0.6854054054054054 0.21052631578947367 0.2597402597402597 0.16105884448150934 0.15733704829449502
0.6724324324324324 0.27148033126294 0.3353580562659847 0.2588416175905624 0.1721500939707502
0.6724324324324324 0.16666185513438603 0.2238030626090327 0.11347414481265919 0.15823369087392303
0.6821621621621622 0.23234767568879722 0.29849044468049857 0.19387658534594462 0.14551282051282044
0.6616216216216216 0.21768231768231772 0.2582671565722413 0.18582949598755252 0.15414092884923358
0.532972972972973 0.0 0.0 0.0 0.0
0.6443243243243243 0.24270334928229664 0.370796783625731 0.2025083338470366 0.2065217391304348
0.68 0.29742625566808334 0.354787033546928 0.2585189912027227 0.2162931034482759
0.6854054054054054 0.1486204325130499 0.18839209755175346 0.11873920967581783 0.005376344086021501
0.6908108108108109 0.20061040812689357 0.2814766191547887 0.17209528132336344 0.13705817378497798
0.6843243243243243 0.2787253472375649 0.3566904793319887 0.21673315691225298 0.22033634034970484
0.6778378378378378 0.1788041631921925 0.22950982141087395 0.14235807089394154 0.11211340206185572
0.6518918918918919 0.2805681512963519 0.39045734388742304 0.23504123453336567 0.22159383033419022
0.6789189189189189 0.1952380952380952 0.2789115646258503 0.15651479164980556 0.09337561663143068