0.8339907300533208 0.08284536028989398 0.47946315751595514 0.0448875789348339 0.04742786863300008
0.8374282598248765 0.129777821044242 0.6357005185846598 0.10567674821596452 0.14398813144339234
0.838765325394928 0.1376737553391012 0.6391934775765998 0.11275490758792985 0.16226383551268403
0.8345464311679665 0.15650950044470802 0.6014057763814644 0.1563865951745965 0.25116382102332063
0.8375690526817111 0.13899351952238476 0.6917229805712581 0.12900075435140249 0.20396582543554354
0.8381791816220692 0.1286260471626216 0.6144919302509396 0.11360289282806363 0.1603452017557458
0.837481593208624 0.14428941634189602 0.6464193110783722 0.1398249733263176 0.22386922113369
0.8354001721466316 0.10396744614037415 0.5719658950678239 0.07060459973692607 0.10275220974915716
0.8260638787124289 0.13228312215158383 0.6937260116591709 0.14276554545683656 0.20539853086022547
0.8483798734884828 0.15455386396263984 0.6633463755107576 0.15721272257021057 0.2444138318426911
0.8425278634781657 0.10478070593975145 0.606513171390703 0.07875267504540095 0.11041531965810009
0.8457661621936353 0.08810220546289532 0.5442235283337089 0.0678354903322714 0.10713998804475927
0.8360498697061335 0.06428576017334166 0.5043705334607199 0.04120760206477735 0.06264141509759197
0.8381337414874933 0.15929656132516756 0.6583559347504924 0.16645715030391034 0.26564694254282767
0.8377823809219711 0.10968344904791721 0.603747615039081 0.09217126512382326 0.14820749958844032
0.8123200121064424 0.13085505741999842 0.6158469739228412 0.07747307615384988 0.09912724993936262
0.834585871790031 0.13056954633752246 0.6631618112534471 0.11198676844155908 0.15679935089608027
0.8204321413130972 0.11357633029432948 0.6253255224312133 0.082412524490689 0.1253728598431787
0.7706019946917881 0.0 nan 0.0 0.0
0.7662762865485108 0.0 nan 0.0 0.0
0.8312654548455396 0.08276344718268973 0.5557552739417976 0.03740592800249819 0.038897208815616036
0.8388842629031619 0.17677689682891928 0.7458565868344489 0.1905345039980838 0.302600127845342
0.8523339036470438 0.12785743173208539 0.7168157082075264 0.1076480878731447 0.16984013579511154
0.8258607408573673 0.16965752511605917 0.7287844550191211 0.14709530408568988 0.19645848185631876
0.8449635696319846 0.16570580146773733 0.7186454610479521 0.14000981893022868 0.21423701627612712
0.835393626183477 0.16250105190876865 0.6924933678286289 0.1486903903149634 0.2181032837732727
0.8390322319230543 0.11528182078692335 0.5759567423404979 0.0698443873151777 0.08877941915979909
0.8290989456842793 0.1448522644551286 0.7183007054048025 0.16789047949869912 0.282506553498741
0.839428109327011 0.10841487384585828 0.6812530104507191 0.08574930258404727 0.13226358949806005
0.7770173868041609 0.0 nan 0.0 0.0
0.7904291015784524 0.0 nan 0.0 0.0
0.8305880579175622 0.12023892129315263 0.6032670403830672 0.06767765517431887 0.09921937550036292
0.8367459380130309 0.15471768593110896 0.6978313373984361 0.15612485900081916 0.23656772848815827
0.8291634003134887 0.08590168499872938 0.6422231502788797 0.07806704967300712 0.12594388206937124
0.8362120725818731 0.12076409646339768 0.6431784721537067 0.0832116350477929 0.10300068300709109
0.8412137916283299 0.1616259573185319 0.6516887138555333 0.12065479837349696 0.15190374306421034
0.8386276447589712 0.12422129934646327 0.6601409418637287 0.11867679379886761 0.18634591259333289
0.843726140791573 0.12568874100457292 0.6401688462975792 0.1132004923379887 0.1604197503479669
0.8334300311387801 0.16388181460505086 0.695813083225745 0.13032272703715012 0.17184009236728565
0.8247638803007867 0.2113980314402052 0.6365855494233408 0.19239968038037805 0.2592632939154514
0.812979796529158 0.12425716192250008 0.6171393809325609 0.08840963542607488 0.10679300614998749
0.8318462551475053 0.17338389034307256 0.6018782207473989 0.10010776588587166 0.1094030921546264
0.8269914759601058 0.14621570458084754 0.6242590366103921 0.1097138763976889 0.14593015424403327
0.8307942850448491 0.11724034273971147 0.6555593972990574 0.11354783868813437 0.16769524955570025
0.7866389195772964 0.0 nan 0.0 0.0
0.8408799587475888 0.10979748837824387 0.6392544853923416 0.13105876426711854 0.23432394320702743
0.8427167832843979 0.1412712599175265 0.6818797735000456 0.13303509875015013 0.19699187535094131
0.8157089297785467 0.1102810432234565 0.6334650505131807 0.10527294511633652 0.17610163152401187
0.82855532099063 0.14056838433906002 0.7177575294059018 0.13912414614618407 0.20837746860063144
0.8435726007915901 0.09785952946546467 0.6011099752782181 0.08345809940551652 0.1243816550824347