0.8656936458794043 0.11123327987301798 0.5489446771473645 0.06509191167407202 0.09299655568312293
0.8637770897832817 0.08817658971531979 0.4523910043771875 0.04493435428489905 0.06388831641293535
0.8620079610791685 0.0790766363598763 0.39980318592779385 0.014225624447052616 0.0033602394340649377
0.8599439775910365 0.09734975352597264 0.49173456229829415 0.05862788140153037 0.09155601839798655
0.8564057201828099 0.07291908614374337 0.35463812003797257 0.05463545247919529 0.08633839204220228
0.8627450980392157 0.08312223811398252 0.40673270088069824 0.014035007439233253 0.010822571588994911
0.8565531475748194 0.08515058625760806 0.41396394269857995 0.03662420085249933 0.0372110505544071
0.8630399528232345 0.08957665379833803 0.4453480806766428 0.05532563651923049 0.07911646586345378
0.8693793306796402 0.0883456197497 0.4283624272651705 0.05483723650695103 0.08765739420450969
0.8606811145510835 0.07919037669614404 0.3890918256172191 0.03215340277244336 0.033980418920512956
0.8680524841515553 0.09325876340132204 0.4482586511918091 0.041322722300244336 0.06002570983965172
0.8606811145510835 0.09987947093374763 0.4825432128569753 0.050251813684493246 0.06646727351538795
0.8624502432551968 0.08819132757767528 0.4387855440855305 0.05738931849606399 0.08430107526881714
0.8693793306796402 0.09072380011261576 0.45892772947796545 0.054321838939709724 0.09226257191959952
0.8624502432551968 0.09394098325916508 0.46120814097145457 0.06315729072295488 0.09976229386421043
0.8639245171752912 0.08918920481043323 0.42825499659594024 0.025831684514042816 0.027895271314406833
0.8670204924074894 0.09230283371337422 0.4469238703925441 0.04099016274036125 0.0588159588159588
0.8617131062951496 0.0644447032892202 0.31866756932063467 0.01971009345036772 0.023335362727505804
0.8649565089193573 0.08347681834779497 0.4272395046540449 0.030261581755079647 0.035842892675502
0.8593542680229986 0.08855628860190903 0.429078057252511 0.014704217630037196 0.003383377320122838
0.8646616541353384 0.10508748215889518 0.48817531552697924 0.06375312470800731 0.097943722943723
0.8617131062951496 0.09682867485828597 0.4670090820325562 0.045991690908295836 0.06855531342135623
0.8605336871590742 0.10022920273724133 0.49605823689751416 0.04772879056522672 0.0687101063829787
0.8671679197994987 0.07511175117362111 0.3777377657144393 0.027247121334038595 0.039942932238784534
0.8664307828394515 0.07376513395157136 0.3544012995049505 0.019964264018041026 0.02826225334182053
0.8596491228070176 0.07167689161554192 0.3496259351620947 0.025174104007466967 0.027828528327187407
0.8628925254312251 0.10659564888098838 0.5071290156819772 0.06211113545638595 0.09693132439707197
0.8587645584549609 0.09181923697477784 0.45272632241032595 0.06376008809361033 0.10408012962144653
0.8543417366946778 0.07722232955521208 0.36857838114754093 0.012614394045671513 0.012829091283423799
0.8577325667108949 0.09420897803451528 0.4608030842617702 0.04895393857079773 0.07218302330553772
0.8646616541353384 0.08898056830387659 0.42300104444702336 0.04366992624826628 0.06446056874816775
0.8606811145510835 0.08633386446714782 0.420573344730094 0.06029412840250031 0.10162552679108972
0.8634822349992629 0.08280020554324437 0.405296212162895 0.033209792876871785 0.047707207772265
0.8664307828394515 0.08461752093296859 0.41071826605670136 0.022823350402843147 0.027662979197105697
0.8639245171752912 0.08346602279569058 0.4177588777941842 0.015490266575923582 0.003042619480975728
0.866578210231461 0.0813969125290036 0.40546053534660265 0.0220527342507777 0.019742655180030932
0.8670204924074894 0.09923682285129644 0.4707658445736215 0.042805392718679725 0.05539208184858879
0.8701164676396874 0.09269743237833819 0.4548260381593715 0.02287209929327027 0.020556436762748653
0.8684947663275837 0.07983254336533473 0.4193552300536779 0.030244616309925997 0.04120261200798114
0.863187380215244 0.09488989664559441 0.45598780506774095 0.06565175883510939 0.10174625057442455
0.8637770897832817 0.08323859958394 0.4022161092115073 0.013767657254948069 0.00986258865248224
0.8624502432551968 0.07275900471631128 0.3562618943053726 0.03433797629600612 0.045467302834689916
0.8642193719593101 0.08808523409363746 0.4393712574850299 0.05470465618465331 0.08753575191931351
0.8634822349992629 0.060709274507871364 0.3107482636277247 0.021327685503308463 0.020022758272481345
0.8646616541353384 0.07881412487883037 0.39536489265058894 0.010447396280923164 0.001760275446524684
0.8668730650154799 0.07743046991202697 0.3859580492530085 0.02627306247675443 0.027810958394092644
0.8561108653987911 0.07860220613248764 0.3852486551190639 0.024403379460196356 0.023852617970265055
0.8658410732714138 0.09431944388812219 0.4554615790399157 0.06979419000331341 0.11455613176897517
0.8612708241191214 0.0951495316572761 0.45369517363971845 0.03424481394002046 0.03628341742687535
0.8643667993513194 0.07881275752913505 0.3884911684264435 0.026673540944291155 0.04259906759906762