0.899409577957577 0.05785338424683194 0.5255311509701992 0.04798965719829962 0.08661562586477262
0.9096872949923464 0.08895929638671031 0.9299909502262445 0.01797158556395557 0.00058520599250933
0.9035643997375902 0.09399054692775154 0.8866242038216563 0.04387734669077175 0.0409138237275678
0.9061884977039143 0.15469964028776978 1.6580819277108434 0.133295931547772 0.1955277280858676
0.9026897004154821 0.03454361731013125 0.3627488134553263 0.0723715023840141 0.10869565217391303
0.9050951235512793 0.08608399755155231 0.8301491589971435 0.1140705597802904 0.2185430463576159
0.9050951235512793 0.12594419766227916 1.242929292929293 0.083088071233976 0.09866180048661799
0.9064071725344413 0.03435108040371197 0.36751517347585816 0.07675115482753728 0.13074449977936076
0.9112180188060355 0.06331261648585834 0.6208541158481087 0.06576409928241228 0.12348008385744236
0.9092499453312923 0.07764255934713041 0.8037543264815994 0.039417866395018604 0.06978557504873295
0.9081565711786573 0.14535071942446043 1.5356769596199524 0.09740452488586684 0.11268701376421297
0.9101246446534004 0.07180482747119685 0.7360822060353795 0.035808519536634595 0.056680990382647845
0.9081565711786573 0.11588227584912211 1.1981688335469696 0.06794413028646613 0.11014640789921692
0.9068445221954953 0.04382458063366429 0.41567802015563204 0.060039798744336806 0.07346326836581707
0.9120927181281434 0.0783190296647889 0.805308170766186 0.051263200328015415 0.06353861192570864
0.9081565711786573 0.06441462017561032 0.6649202903974254 0.01776452646750088 0.029636711281070705
0.9099059698228734 0.10301251406074241 1.0289676966292136 0.023079592459592253 0.010399562123700079
0.9105619943144544 0.046790901616881334 0.47002147222375146 0.04072934616797087 0.07946428571428577
0.9044390990596982 0.05522625599083521 0.5635358094110685 0.007822028456688893 0.0030920212408415138
0.9077192215176033 0.11723009814612868 1.1577446943300602 0.054107726221975516 0.050458715596330306
0.9079378963481304 0.11327522798719648 1.245465347918778 0.0877319694828466 0.1345520421607378
0.9129674174502515 0.12868307956047095 1.3545426065162904 0.0637496668252802 0.09079374030734533
0.9153728405860485 0.09001101582949904 0.9095204008589834 0.030478077937537904 0.03389199255121045
0.9075005466870764 0.05351348564146573 0.523491262835525 0.045340910737091705 0.06319205803741884
0.9085939208397114 0.15627828701207458 1.3973673445535297 0.10713251677155942 0.12642824497257765
0.9123113929586705 0.10997216024236967 1.1628246753246754 0.05034042723200735 0.027902278896534294
0.9096872949923464 0.054412160096644346 0.5370033804659955 0.037587904626154266 0.06866526414212248
0.9037830745681172 0.11318322051848784 1.1384900416859658 0.10344007844007844 0.1623321123321123
0.9005029521102121 0.05661455357606608 0.5822649572649574 0.0708935157157815 0.08419689119170987
0.9050951235512793 0.15110251798561153 1.559406032482599 0.11745561077366418 0.18378867763753537
0.9026897004154821 0.11899483526556588 1.1201581328163606 0.12091571303092044 0.17432123826439994
0.9066258473649683 0.08259702185178501 0.8451479178443564 0.053841613065692295 0.1004787588630992
0.9055324732123332 0.10258970835242023 1.024739186138735 0.045933073308463954 0.0913195331799983
0.9064071725344413 0.10806851476222672 1.104838709677419 0.08385241826340695 0.13534407665505221
0.9053137983818063 0.11421587599046706 1.09858934169279 0.0558436633386811 0.07813646368305216
0.9153728405860485 0.130893578805568 1.2537634408602152 0.042419057316866224 0.015562496575154738
0.9112180188060355 0.10407585770528684 0.9739309210526315 0.05027171758083153 0.03296703296703296
0.9131860922807785 0.1160875361415537 1.2672651672651671 0.036200644055904334 0.0013384543761638668
0.9066258473649683 0.061424685538291876 0.6445961680956918 0.01951953250130384 0.01493848857644986
0.9125300677891974 0.06593735499661732 0.7202886494225076 0.026147741147741144 0.03357753357753357
0.9125300677891974 0.13776960897237597 1.437990553885788 0.12622090595971192 0.22026232473993668
0.9046577738902253 0.10413364492311859 1.05319677325432 0.0579194286252729 0.07284407665505221
0.9053137983818063 0.12689995781777277 1.2732964164785554 0.08239703001519094 0.10414312617702448
0.9057511480428603 0.07542164371602048 0.7425618785285901 0.048612080881142675 0.03776978417266186
0.9083752460091843 0.1107515410146989 1.1100154449328739 0.07591571736953508 0.11888345195729533
0.9120927181281434 0.1264486399839284 1.2922645907739687 0.09232507732667289 0.1706864564007421
0.9075005466870764 0.09963693191684161 0.9658459702223379 0.02686091212683659 0.016685520361991002
0.9085939208397114 0.13024981202719085 1.1942246139777004 0.050422605139202215 0.015476190476190532
0.899409577957577 0.05100395573581694 0.4878352490421456 0.06321940111097282 0.09170984455958553
0.9059698228733872 0.10943017278257529 1.0916027773759582 0.02888624573707447 0.009542943244600699