0.6864864864864865 0.22969291190238106 0.3068041037553233 0.18658996967431035 0.1974571078431372
0.6897297297297297 0.2288465235975331 0.28527443352569193 0.22598429027917655 0.1539111226611226
0.6875675675675675 0.201867223273951 0.2637297594385489 0.16739257353347656 0.1352077275639445
0.6854054054054054 0.23721299444336275 0.3099352263165105 0.2126486126684557 0.21280788177339904
0.6832432432432433 0.24323809523809525 0.3084541062801932 0.17367760474289867 0.20993219294190169
0.6908108108108109 0.19927393891774703 0.26665433553022266 0.1867083312077886 0.08744800144691622
0.6983783783783784 0.19293444840732998 0.2567512274959084 0.16894348474621468 0.11794871794871797
0.6864864864864865 0.2252791068580542 0.2773959151610369 0.20378724878724877 0.1433333333333333
0.6702702702702703 0.11669704583148588 0.16420203793987842 0.105400891625555 0.07338622430580599
0.6994594594594594 0.20854886119184857 0.2717972863074092 0.16665539837736626 0.10780574624968209
0.6854054054054054 0.20153970950609912 0.2617008168213526 0.17618283516170838 0.18113830613830606
0.6843243243243243 0.18408713565367119 0.2431074386876726 0.17536476430482398 0.1011043412033511
0.6832432432432433 0.16881670459280151 0.22880941779520203 0.15176780283070324 0.09158415841584155
0.6832432432432433 0.22702702702702704 0.29166666666666663 0.1781785271287826 0.18739943684633953
0.6983783783783784 0.2801898645818791 0.3549071618037135 0.24981212447314147 0.2174074074074075
0.6875675675675675 0.1829215896885069 0.24649008539586037 0.12167040166129639 0.17862585725171454
0.6843243243243243 0.27122255771529213 0.3325940853734969 0.2701564937123971 0.11653669724770643
0.6789189189189189 0.2190156599552573 0.28567259994163996 0.19895554776763838 0.13160880417517584
0.6972972972972973 0.22213949430681523 0.28861919698257743 0.2014739583820662 0.12611175857204193
0.68 0.24135559762471082 0.30787091980474923 0.2161044655527716 0.12856252226576415
0.7135135135135136 0.20052348744556658 0.271575116855413 0.15014739350461678 0.09705226653455534
0.6713513513513514 0.16223862638613384 0.22135948176413178 0.13322466853350493 0.11589837287968197
0.6735135135135135 0.18532258581455718 0.24314323258869908 0.1496139189372761 0.12002902757619738
0.6789189189189189 0.21357438689562103 0.2766759102966 0.17741697894633968 0.15377209270339032
0.6972972972972973 0.21551036682615632 0.2735323886639677 0.17865726996428882 0.13273001508295623
0.6681081081081081 0.21298886975771747 0.2709343710888612 0.1919612207648678 0.1298701298701298
0.6918918918918919 0.24883905312039867 0.31493692660550454 0.2139006546014632 0.14588057445200298
0.6918918918918919 0.16790950984499375 0.22631281761716548 0.11815868241436325 0.09821989528795805
0.6648648648648648 0.23557789256518835 0.3075100735011237 0.21676118502834105 0.16244465744671144
0.6778378378378378 0.20462728155035848 0.2788871821129886 0.14439255716552943 0.12567535823349785
0.7027027027027027 0.23287047575688602 0.29755671902268765 0.19677852154736797 0.1683120204603581
0.6691891891891892 0.22557997557997567 0.2932539682539683 0.20907738095238096 0.19047619047619047
0.6897297297297297 0.15091546552395796 0.2137969094922738 0.12346367703510563 0.08538334252619972
0.6962162162162162 0.21959237343852722 0.28329092451229854 0.18486001034762647 0.11794906437884212
0.6778378378378378 0.22170775183687663 0.3004300695180865 0.18843347282532566 0.15241907713498626
0.6702702702702703 0.24652762435008024 0.31113486383492883 0.2122914199382733 0.20054470572605287
0.6875675675675675 0.25359828141783025 0.3233803588549513 0.2108628659340225 0.17616514690982776
0.6789189189189189 0.2512436737980216 0.31240167334096103 0.23089971429330944 0.17353265213540436
0.6854054054054054 0.14706688992176453 0.20788402485181756 0.08917699017812741 0.136099876912256
0.7027027027027027 0.204932334021119 0.2753289373108164 0.14771177058781515 0.13525641025641022
0.6767567567567567 0.18061938061938065 0.24314147391070473 0.12680995208077392 0.14579043697094485
0.6886486486486486 0.16873760645962022 0.22857363711905998 0.11657926197110086 0.10871739130434777
0.6724324324324324 0.23444976076555024 0.29987760097919214 0.1914738967065865 0.19552277432712217
0.6918918918918919 0.23318534435087612 0.288458907456269 0.18681335248412595 0.154051724137931
0.6843243243243243 0.1776286353467561 0.24222086638194018 0.1583169633848523 0.009216589861751112
0.7037837837837838 0.1662582427374799 0.22626121756002904 0.12806367346973035 0.13135125184094254
0.6854054054054054 0.24660126964488238 0.30909611195214715 0.19734042710326458 0.15467201247354945
0.707027027027027 0.21017480465733962 0.27180501053430384 0.1604489462074902 0.14920839469808544
0.6821621621621622 0.1965462215410867 0.25643139841688656 0.14383970363635165 0.12565105621996198
0.6940540540540541 0.13974221267454356 0.19101453531052714 0.0841233089728976 0.06448202959830873