0.6864864864864865 0.2222639854663911 0.31196693924206464 0.1798851322327076 0.15943036926643483
0.6897297297297297 0.2027999532278124 0.2686209906789445 0.1820183886471174 0.136826487583945
0.6875675675675675 0.16795358908362945 0.23745162594582092 0.14261803952536567 0.09716420444897267
0.6854054054054054 0.16573221407838956 0.2424027243296072 0.14914374345768283 0.08380185259766415
0.6832432432432433 0.13041716031676742 0.19257861056120795 0.1206703053782128 0.07008592910848555
0.6908108108108109 0.2313437579455886 0.31118806378521646 0.21194860149979367 0.16235334713595584
0.6983783783783784 0.19071979895889424 0.2640735677892382 0.14899584781998015 0.17140366172624233
0.6864864864864865 0.16031717372333065 0.22019467234288792 0.1342788064199413 0.05406704313348554
0.6702702702702703 0.13873093960303262 0.19604700854700852 0.11901176097458216 0.12665639445300458
0.6994594594594594 0.16738383481583763 0.2363999183654958 0.13984933826527765 0.09915914045468699
0.6854054054054054 0.14941408264735612 0.21222088730000577 0.13806979410345774 0.11109959223166777
0.6843243243243243 0.1703453621917137 0.23747298373336356 0.12497078051379967 0.09617251531789606
0.6832432432432433 0.21025439286650938 0.28462385060531836 0.18542137194986938 0.1058854789424738
0.6832432432432433 0.208974358974359 0.2853641456582633 0.20668560606060607 0.1554545454545454
0.6983783783783784 0.18830515297906603 0.2738984043331869 0.1451835770363344 0.1309994725738397
0.6875675675675675 0.20777027027027029 0.2847222222222222 0.18945493822752268 0.10050078554595443
0.6843243243243243 0.1766395279743972 0.24872112907605703 0.13879200509635292 0.04040452301321873
0.6789189189189189 0.21200903501066626 0.29011762685670117 0.1826785894992022 0.10630038817557474
0.6972972972972973 0.1860777464558565 0.2619463555258409 0.1652385385424026 0.1464622071963294
0.68 0.15706202744470288 0.22950011768859602 0.12692595483516197 0.13015061096902525
0.7135135135135136 0.18759936406995237 0.26696832579185525 0.17031531161406183 0.11072251963580948
0.6713513513513514 0.1679270227392914 0.2360264605321838 0.1393548846149996 0.13884331419196072
0.6735135135135135 0.17298985167837622 0.23899913718723031 0.1541288765141443 0.06481912345104524
0.6789189189189189 0.22627030479074606 0.30357932559425094 0.19460743689213916 0.16574676661998522
0.6972972972972973 0.13843290069855685 0.19767492807173836 0.1051079270305206 0.04944735311227455
0.6681081081081081 0.13947984629548094 0.1990915648367031 0.1174569396464328 0.07329055383975291
0.6918918918918919 0.17599967448910048 0.25219000976576733 0.1458200100009917 0.08545418300219287
0.6918918918918919 0.1924319602601613 0.26341797226724295 0.1769987668405892 0.11271567891972989
0.6648648648648648 0.19838015933553688 0.28050031831629396 0.1845823870034651 0.12069538625182819
0.6778378378378378 0.1976220591955477 0.28535943892460547 0.18316921314694165 0.11759444471548686
0.7027027027027027 0.18547531493670355 0.26079935113370545 0.15521543662861842 0.11647141108585413
0.6691891891891892 0.19658970489065863 0.2737557572776461 0.1615014776437492 0.1394919669995658
0.6897297297297297 0.14666136724960255 0.21490972626674432 0.11107197584793027 0.09451243584682201
0.6962162162162162 0.25221692391349815 0.3306373120210564 0.18619933035609001 0.1805124909631296
0.6778378378378378 0.18120076489784037 0.2663229846870584 0.15553148836296818 0.15984294247936104
0.6702702702702703 0.12502871223036605 0.1845942779627574 0.11560643137568763 0.055403040389828795
0.6875675675675675 0.2244972094712857 0.30398425971470744 0.16302255915470512 0.16495089338539815
0.6789189189189189 0.23499245852187023 0.3120993589743589 0.20924670080833113 0.15298817513582608
0.6854054054054054 0.19098316872126275 0.26634872409108834 0.14763834969932252 0.13059942265240276
0.7027027027027027 0.14936878079282423 0.21957210776545166 0.12598687021953986 0.0263403574286476
0.6767567567567567 0.15984211866564813 0.22638583330327844 0.1498603801219739 0.09969944737097247
0.6886486486486486 0.1733138831124491 0.2414285096631933 0.1457532830295504 0.08550327658541657
0.6724324324324324 0.2117927022739291 0.2896716331549255 0.17573328438600136 0.14281138952858818
0.6918918918918919 0.13417486270333479 0.1900304616567592 0.10336127210999144 0.06490778607004755
0.6843243243243243 0.1955050237969329 0.27104105571847514 0.16516340257759024 0.08974709501025291
0.7037837837837838 0.1259077227472689 0.1837894720671034 0.08067174770454791 0.044572468162522805
0.6854054054054054 0.18621326581437814 0.25777120202252346 0.16240433303410093 0.10846490054410851
0.707027027027027 0.1688849346348087 0.2371731908132313 0.12351225810099073 0.09326201076483487
0.6821621621621622 0.12970800713042208 0.18768808405047255 0.10290883250260582 0.0748575259805565
0.6940540540540541 0.20027964375816898 0.2675736040609138 0.17919993678472323 0.10912541254125407