0.8326608432620403 0.06960982356391737 0.4718741808723461 0.028541326956325143 0.019897946569812364
0.8371991285614381 0.1370066972475993 0.7022076455479667 0.13165983589768182 0.19449911095001715
0.8366732847700943 0.12356671109017289 0.6609353190978793 0.1192984124109927 0.19002841646031537
0.8354024303479668 0.1125244718084322 0.579340811397663 0.11665906088056513 0.2038281865927805
0.8328693433486604 0.1281651555055861 0.6412183574265267 0.10007112323887041 0.14558195208969915
0.8465861883320193 0.1220983878152324 0.6586066679613023 0.1235152286140643 0.19272042367041997
0.8504662307925062 0.12638220505875006 0.6382673168049229 0.12133073592941435 0.20723083636737671
0.8375845292179679 0.10523184064540356 0.6061536579415211 0.08647123847764915 0.139456574892513
0.8420930660750732 0.1224468766961717 0.6588433406881831 0.13957833363225086 0.21924114228783986
0.8513399464132557 0.10878165860240589 0.6022309309250682 0.10650108034023206 0.17808386823816663
0.8431739412556495 0.10845446423346519 0.5715389459945162 0.07697303408730465 0.10532514577597835
0.8459719390453371 0.08641398040560282 0.5634178517096732 0.06630551099116257 0.10316935605171951
0.8500254004237983 0.11875265834868108 0.6295172882690047 0.12255259027213333 0.20506254712293626
0.8398374785182425 0.1386661539292858 0.6959641771128371 0.14936041185742996 0.24437983947524688
0.8308099512597145 0.1178355739753272 0.6144750574868607 0.09497482943396324 0.14050250872240722
0.8180165753754693 0.11436465333802852 0.6193487654841171 0.08151532812087553 0.13159752142084474
0.8300026856016447 0.12249620718922086 0.6574066901404378 0.09636585932655395 0.12516942063289982
0.8249208852701432 0.14393678162695925 0.7001589001578847 0.1393437378442111 0.23149922616104907
0.8275393809715508 0.13501483526358993 0.6864926011255743 0.12125360896438116 0.1881017295860411
0.8357879125512162 0.11926189692812533 0.657598938602229 0.11153349231946603 0.18517800646113192
0.8323688950949977 0.12886779291385678 0.6103069169890742 0.08474908166517003 0.1024430963849417
0.8392499325840869 0.13930895227131102 0.6910087488623304 0.1295829349971908 0.20024453997770048
0.8461211522449321 0.12376243449679952 0.6776215414517407 0.08718395835879436 0.12322819677368707
0.8430882034190327 0.1646017622769162 0.7585124071504452 0.1508038260389318 0.2198543102712342
0.8477802816506292 0.13938435644434322 0.732168649381649 0.11900262151542984 0.19300674536282503
0.8405455941661961 0.12852686661944043 0.6361522675641671 0.09661663544294677 0.13643301199882935
0.8436719722802196 0.1111319325892603 0.5926697539426584 0.07498509714664203 0.1067105510520368
0.8367287753672984 0.12881055637011257 0.7107686316937757 0.14856272546437194 0.25857619158692524
0.8466519926332284 0.16382875376642353 0.7752772398280747 0.16894918587243263 0.2714388021212289
0.8216362631398401 0.11830672031434547 0.620358567986947 0.11896351616782494 0.18694235923696173
0.8583994032276373 0.12421677880851761 0.6627263285712828 0.13675980747561395 0.23722138443063467
0.8325629129661816 0.11392724134270676 0.6205451344016255 0.072514375128722 0.11686930298468406
0.8264957043338111 0.13002559216613724 0.6690433922110386 0.10680527807634028 0.13875520461428142
0.8373148047160516 0.11057797871524891 0.6291458831367087 0.10010056304901167 0.16027729732466234
0.838046904976601 0.11970256271338012 0.6330161863626904 0.08516724851654225 0.11144501268179974
0.838177903577569 0.12132348062132643 0.6463281352264749 0.07651560193464632 0.08526433188409221
0.8421844789877863 0.1297930574676702 0.6390381990022158 0.10956326604851534 0.16087395504885338
0.853002547848834 0.10238311716083132 0.5982129530131104 0.10438313610905961 0.17326477797633594
0.8383282186224825 0.15999313944384397 0.7379113055928163 0.14421818788156252 0.2095423527302342
0.8447489024833019 0.131436096603392 0.6462786583315209 0.14112864601554787 0.23107880270799047
0.8333438272828156 0.12098131377897045 0.6075809023279521 0.08450952802940256 0.11503689179361892
0.8363328442641375 0.1181893132597038 0.6173527254283757 0.07811974540637776 0.11416662207303435
0.8230881104645429 0.12874928572927358 0.6836769120122475 0.10770079050378832 0.15034387881969102
0.8344822986933392 0.1107111283730982 0.6056720788297357 0.08837608370670486 0.11885239549200333
0.8447153194992012 0.12625539208140332 0.6450753042014995 0.11005478781036816 0.16657992731107857
0.8476266574441826 0.11006860401755682 0.6015749794822025 0.13128548233571416 0.24162433750459256
0.8406448323505656 0.1270927343834142 0.6588096061205482 0.10416558372651727 0.14257768936077675
0.8232137598383451 0.1349950353725632 0.6752958587673668 0.13086166287992615 0.21301325983301211
0.8247198452168958 0.1416581416216521 0.7088573026608309 0.1477486872609905 0.22731616390541698
0.8512775277451142 0.09575675793163177 0.57536292353083 0.077098522492285 0.11714179928494056