0.8450538109980834 0.1282794045512916 0.5541102249732175 0.0852640123203866 0.11414894238066509
0.8508034792864514 0.11305435872591227 0.49343605331384666 0.06072932748336117 0.06704689026083999
0.8390092879256966 0.0903741676175554 0.385823050396776 0.020845267891009822 0.000838926174496657
0.8341441839893853 0.12270256471324799 0.5181467518624021 0.07093979528323044 0.0811999190025745
0.8426949727259325 0.07979939740708392 0.34297886700130764 0.037941182108237555 0.031141226156773616
0.8373875866135928 0.09953298411041667 0.41570918991701666 0.021374949013210968 0.005203069436646057
0.840483561845791 0.09142424938849453 0.4052562355023077 0.04452958228349454 0.02813380943431687
0.8425475453339231 0.09408552580704646 0.40551211383156005 0.049022027509742536 0.054095168552999784
0.8487394957983193 0.09124635693468197 0.39279704797047965 0.04070159665538272 0.043804529086207245
0.8446115288220551 0.08926837467406859 0.38889324746152776 0.03659728730984729 0.030049879514011724
0.8447589562140646 0.11043777533431293 0.47719621199432694 0.06405349101707337 0.08499582778917936
0.8428424001179419 0.12191031304953066 0.5252355370228853 0.0801480717419149 0.10483745123537058
0.8397464248857438 0.08694961843814086 0.38144589346253266 0.039494714528038856 0.037354838709677374
0.8485920684063099 0.11364800469418135 0.5036336979255535 0.06063889342518467 0.07053724874841216
0.8409258440218192 0.0943134138588684 0.406963081495028 0.05931448496795838 0.08641608478185514
0.8406309892378003 0.10671789549506851 0.461863651571387 0.05140533158111678 0.05917700560731154
0.8406309892378003 0.10130445022534817 0.4403225543775403 0.05141939334288345 0.0644272844272844
0.8388618605336872 0.08460562509520012 0.3683316638113159 0.03510553146809935 0.027324724429633407
0.8422526905499041 0.11330149385839362 0.48753213172104337 0.05235006041686532 0.043824479340683786
0.832375055285272 0.12311878358867409 0.519973745917649 0.05492895127000828 0.04614718989313371
0.8425475453339231 0.10605652637963711 0.4470784879199453 0.05079097269301225 0.05932539682539684
0.843874391862008 0.11768347020954817 0.49684808027950456 0.06098809368185629 0.07211041319488953
0.8428424001179419 0.11701871547530711 0.5004089806509844 0.056128320912504276 0.0628413120567376
0.8466755123101872 0.10832182200502846 0.46230906509604475 0.0484202854947834 0.04049650752502343
0.849329205366357 0.08583419199725226 0.37050593031875456 0.01907847312501456 0.002872374283895529
0.8419578357658853 0.09088191580900021 0.3901207622291245 0.03062388227105866 0.009797184042909857
0.8457909479581306 0.11652607990672083 0.48824427480916033 0.08054559753925539 0.12598690566597315
0.8419578357658853 0.10488596305253209 0.4468387373319861 0.047064478805642754 0.04108326494539494
0.8382721509656494 0.09431671818650181 0.4032351321585903 0.029011500229409116 0.02543943176261676
0.8342916113813946 0.1101253376582084 0.4686489098609966 0.05484806757651292 0.05894091654194278
0.8412206988058382 0.11698076359730497 0.482092555331992 0.07572363825687384 0.09848651421870414
0.8412206988058382 0.090089605398819 0.3917664187402381 0.06781828868225659 0.11201513718070011
0.8447589562140646 0.09730010384215992 0.4170004450378283 0.04726534994187073 0.058720223547782946
0.8449063836060741 0.10402794269757026 0.4466857436624545 0.02356357437017294 0.005960249541965279
0.8429898275099513 0.11217021298347372 0.4796979261897494 0.04503994863420731 0.03246981329173115
0.8401887070617721 0.10337736920134696 0.44687425549149473 0.050641117889498044 0.05282195714601279
0.84593837535014 0.12361625811210317 0.5018231430503235 0.059212544708128284 0.05740769079421981
0.8513931888544891 0.12759883082958662 0.5440918689873155 0.07626467509038691 0.09785957811445967
0.847265221878225 0.09597773640414148 0.4303088181881902 0.034329777131882774 0.02486849265372748
0.8387144331416777 0.10434759621972547 0.44332517373526226 0.06347020586915095 0.07708986088482261
0.8477075040542533 0.09890309845866269 0.42840813065589134 0.03230756672774181 0.029975620567375905
0.8406309892378003 0.08765163576025292 0.37027564649048017 0.05904360969280906 0.08356628309477032
0.841515553589857 0.11104441776710684 0.4768041237113402 0.06450725480986774 0.07363640925284753
0.8409258440218192 0.08667950934977198 0.3756757008648971 0.04853130563631809 0.04710284176971946
0.841515553589857 0.09742215752019143 0.4194645417264028 0.030549594921918242 0.021045836023240838
0.8484446410143005 0.09665074631327966 0.42176848559966074 0.042660774087177916 0.037366975892774046
0.8398938522777533 0.09347856054237791 0.4120032675845402 0.024842504589141876 0.011506140917905694
0.8432846822939702 0.10360387588713171 0.4320895409054323 0.05702815816778568 0.06465850159991171
0.8359133126934984 0.09862741213327897 0.4130417743716822 0.03068074839484968 0.011523646430653733
0.843874391862008 0.09233635294533751 0.4026222508174955 0.030729652098367203 0.02867132867132871