0.8450538109980834 0.1821244095060659 0.6675470568876488 0.07447892933471376 0.0670851057161661
0.8508034792864514 0.19574156256115324 0.7077285699231595 0.0959119912402605 0.10454103571875883
0.8390092879256966 0.195671834982113 0.6862060736026563 0.07469923862821168 0.05257066084685791
0.8341441839893853 0.2077033920240089 0.7248295558921497 0.11733421742624989 0.12881476224272537
0.8426949727259325 0.2074360375321565 0.7202466634493776 0.10327091559327962 0.11320949832603
0.8373875866135928 0.20054899749440097 0.6887632990871055 0.07528087881844994 0.05397153418517342
0.840483561845791 0.17519790000410154 0.64572940287226 0.07478556583539286 0.07530581975358197
0.8425475453339231 0.1862310566087429 0.6709539469408446 0.07827228114052376 0.07241059658458182
0.8487394957983193 0.19634734209087745 0.6878264199995358 0.10177144478494031 0.11243287774568478
0.8446115288220551 0.19122220821249947 0.6875070832231498 0.0816300062487767 0.06821102172039573
0.8447589562140646 0.186066761626061 0.6762867493432264 0.061995788232546284 0.031093529084131877
0.8428424001179419 0.1768281545522929 0.6474192110221046 0.07484306948137814 0.0669392370927755
0.8397464248857438 0.19791413429279914 0.7061761134104934 0.09851469365766041 0.09179038426211994
0.8485920684063099 0.1785065601376461 0.6649553013851739 0.06971273545742515 0.06051885802253165
0.8409258440218192 0.18523264071135265 0.6685424559839537 0.07203225027465829 0.05143755615453738
0.8406309892378003 0.18949899025896885 0.682106908288578 0.09741556417743692 0.1007207928721594
0.8406309892378003 0.18438505522712895 0.6739541727979819 0.05389473042903846 0.021028791355191978
0.8388618605336872 0.20422952060387584 0.7204415604124453 0.12693704270328204 0.15416611059210822
0.8422526905499041 0.19837693948084417 0.7036327595200835 0.09749813142402361 0.09874556759119835
0.832375055285272 0.1896089000445364 0.6728010033561593 0.08369863027391344 0.07365243270961319
0.8425475453339231 0.20158807921280278 0.7008968394768109 0.08911829383418977 0.07884727205684217
0.843874391862008 0.20351030578436852 0.7086436542620966 0.09939482136345819 0.11965400580923014
0.8428424001179419 0.18811466314191383 0.6719438006800069 0.08378426640662756 0.0957907444668008
0.8466755123101872 0.17578092582246935 0.6302423345215462 0.05800460430709093 0.03489918754301091
0.849329205366357 0.20491815472549413 0.7121771506396781 0.1295958283237857 0.18359965167030384
0.8419578357658853 0.18185733008799848 0.6499163599866176 0.06997588528705773 0.05355884425651869
0.8457909479581306 0.20445760231458895 0.7061817336741808 0.09521120059044869 0.10032214765100667
0.8419578357658853 0.17988223680689494 0.6461652114318265 0.06727460440414398 0.049719825908115745
0.8382721509656494 0.19074566390830602 0.673524417908786 0.061010268902970045 0.025016137764451107
0.8342916113813946 0.1716919885819821 0.6240524989543057 0.06600565699785423 0.040985855383489866
0.8412206988058382 0.19007224675044 0.6622472030981068 0.09560630507026599 0.09095821325648412
0.8412206988058382 0.18257625630897523 0.6571879936808847 0.07982482941432228 0.07707573224215947
0.8447589562140646 0.19589261115391965 0.6900934600201888 0.09829042625092417 0.11158007589329788
0.8449063836060741 0.1784501814113896 0.6470575475586213 0.04524847573666595 0.013847906344784056
0.8429898275099513 0.19023830031581968 0.6747257862733118 0.062498089854814365 0.030266786271969104
0.8401887070617721 0.20144493548997564 0.7137616850076914 0.09810798835914786 0.10042108265995242
0.84593837535014 0.1840291420179277 0.6384513676073064 0.06426151109885476 0.041614326666022494
0.8513931888544891 0.1737047519255927 0.6350601155002221 0.053158886994328296 0.037548611677680865
0.847265221878225 0.1978293714687141 0.7181651459426952 0.08584375704045977 0.08072504940711467
0.8387144331416777 0.19716070049830153 0.6942830171981474 0.09530159545287581 0.09804397360400086
0.8477075040542533 0.19914769053875825 0.7088176901824896 0.10057087444584992 0.10663324979114452
0.8406309892378003 0.18702564842751024 0.6578044960735348 0.07583415291102792 0.06955969326946865
0.841515553589857 0.18468367878494207 0.665181672721475 0.07774057083573283 0.06752274830557892
0.8409258440218192 0.2026201784443113 0.7116644113667119 0.10543057688242298 0.11121952599128915
0.841515553589857 0.19292171019019497 0.6835974906817541 0.07428856811971546 0.060576032338657604
0.8484446410143005 0.18999305439900305 0.6860694074597071 0.09145560703176502 0.10442590152735076
0.8398938522777533 0.18759634130481673 0.6790689783264041 0.10071184036459695 0.11888806155373544
0.8432846822939702 0.192844534188993 0.6689569122246404 0.09335033823476988 0.09907184928448409
0.8359133126934984 0.2170726567329863 0.7356882404401357 0.1250384791207836 0.1466242488511842
0.843874391862008 0.1915835954297493 0.685643879173291 0.07816266964167684 0.06455835412140232