0.8900065602449158 0.057669504487009846 0.6070330306428857 0.010811710728102088 0.019785997601697247
0.8991909031270501 0.07826139649232156 0.9397713097713101 0.018669655920177625 0.0007022471910112515
0.9022523507544281 0.09436105195727074 1.0455016305390372 0.09870731666825658 0.18270349727445334
0.895473431008091 0.15749100719424458 1.9087738419618527 0.12305488905812827 0.1426952892069171
0.9018150010933742 0.034789363157370135 0.39828441016762395 0.01493531468820802 0.018260869565217386
0.895910780669145 0.08154416749488261 0.9444645613767606 0.08305685682252821 0.13268684957426674
0.9000656024491581 0.08972180712779677 0.974216492553901 0.04873519005664293 0.0570559610705596
0.9035643997375902 0.02899817110343425 0.34610720349260227 0.06551722672765965 0.11403895858286578
0.9064071725344413 0.08393107749883051 0.9364941278816878 0.03796465722103903 0.051781970649895204
0.9057511480428603 0.10495349805189931 1.242929292929293 0.08490601437035075 0.13606237816764133
0.9022523507544281 0.10239028776978416 1.2546336088154266 0.10339707880721016 0.19527229204069418
0.9061884977039143 0.07070816928777035 0.7805971343952611 0.02612882441578649 0.02496419071004702
0.9002842772796851 0.12533074054002358 1.3173060814206736 0.11241860240261967 0.21382362955396667
0.8932866827028209 0.021154085396401637 0.23300988852264726 0.09198034101894181 0.14557007210680373
0.8980975289744151 0.10349165323370603 1.1848193908869127 0.03409598973225243 0.0006516780710329462
0.9020336759239012 0.06781335421515527 0.7939516129032258 0.05485589620249197 0.07845011809695202
0.89481740651651 0.07873664229471317 0.84537288647343 0.013861834289667817 0.00752599890530925
0.9007216269407391 0.095980633963643 1.0546020275017565 0.03233089211559648 0.023214285714285687
0.9046577738902253 0.0326332847540948 0.36942871213986717 0.03993233415710111 0.07172144921691204
0.9057511480428603 0.08733722496632242 0.9798488664987406 0.037269435608661985 0.04729867482161065
0.899409577957577 0.08984555039558043 1.042161345033552 0.05158593331159102 0.064064558629776
0.9037830745681172 0.09373325872927057 1.0359868421052632 0.025054640790764433 0.024719206729639565
0.9090312705007654 0.07628550479773026 0.8564781675017898 0.015148820572711545 0.0009310986964617962
0.9020336759239012 0.0636235732622251 0.690703718512595 0.04133452111483172 0.04180985108820162
0.9040017493986442 0.14806790516804733 1.5061494482116742 0.09860712857104936 0.1039762340036563
0.9046577738902253 0.08484814367498449 0.9491451034272194 0.02137318166342751 0.0014519285398648663
0.9018150010933742 0.08248837063691711 0.9201898188093185 0.020015068923076414 0.00923328658251521
0.899409577957577 0.06638719755172304 0.7287839020122484 0.041957116957116944 0.06733821733821732
0.897441504482834 0.06336674803926662 0.7003444316877154 0.02638716760916219 0.002806563039723653
0.9040017493986442 0.12607194244604317 1.40192 0.1042424960266996 0.18687756297598124
0.9005029521102121 0.06915454226077265 0.7435363073917292 0.042412283252581603 0.04423581155375117
0.896566805160726 0.059246218385258786 0.6710048804905517 0.03267203252662319 0.036119023089509705
0.895692105838618 0.08708810505420676 0.9830736348593494 0.02365317205639343 0.02717437601158529
0.897441504482834 0.1097306738787469 1.235723350253807 0.10307062383831986 0.17378048780487804
0.9000656024491581 0.12631536064204674 1.374988913525499 0.0805148749528578 0.11102959158718506
0.9081565711786573 0.09327089614471744 1.0182072829131652 0.0752782485990693 0.08931996273768422
0.9018150010933742 0.05838723284589427 0.5966235632183909 0.041847853628400655 0.045787545787545736
0.9066258473649683 0.0784864696410949 0.9450281425891183 0.03662419869731998 0.03177374301675978
0.9007216269407391 0.09102157605753615 1.0333625987708515 0.05673399614830931 0.06936145284124196
0.9031270500765362 0.0418636941637356 0.497663059497242 0.015832315832315817 0.02910052910052907
0.9046577738902253 0.14016375639262044 1.6276607941300112 0.12566590126291616 0.1983830845771144
0.9005029521102121 0.08194133983607667 0.9005434378024268 0.048667582753929454 0.04159407665505227
0.9015963262628471 0.10133577052868391 1.1760770234986944 0.060784916757207194 0.07570621468926553
0.8980975289744151 0.07912814000555579 0.8889458549742539 0.03228053918454467 0.00228907782864618
0.9015963262628471 0.14961051276840748 1.6442343482468544 0.1487212272617392 0.24366103202846973
0.9075005466870764 0.05862361937128291 0.6448598130841119 0.005248935017044801 0.0009276437847866581
0.8976601793133611 0.09310486353375744 1.0495026601896829 0.07405252175695093 0.07861990950226244
0.894380056855456 0.10301868986788196 1.0089039165962244 0.03079424646726211 0.0035714285714285587
0.8930680078722939 0.09482916896166106 1.0495058649672115 0.056293004065655856 0.054404145077720234
0.9031270500765362 0.1199943445065582 1.3379820519039534 0.037787070847131454 0.0005022601707684871