0.6486486486486487 0.1324416880703293 0.2072712418300654 0.10190457137889466 0.06320582877959924
0.6497297297297298 0.14951686456262692 0.2160482923345135 0.13094391650049148 0.10535686397001398
0.64 0.0894564284838828 0.14039094996513668 0.0637435769327824 0.08166072338257768
0.6486486486486487 0.193436906178872 0.28160814713482296 0.18459128862119498 0.10777285541683446
0.6508108108108108 0.0971607324728232 0.16159363927059012 0.09548526881677175 0.01849862752118392
0.6378378378378379 0.1638062547673531 0.2441034384768399 0.14444504381390777 0.1473429951690821
0.6691891891891892 0.1855037114468835 0.2690243398234424 0.15656191790064183 0.12903225806451613
0.6356756756756756 0.13746702376295228 0.21082386604004344 0.11857602561923045 0.05863270455364655
0.6281081081081081 0.14455554135786697 0.20918854783037477 0.12981601308946464 0.13641499743194663
0.6713513513513514 0.16495937831155072 0.23863055697496172 0.13850016980349134 0.11722204920585488
0.6270270270270271 0.16821398361907114 0.2421376176758827 0.16587640674786053 0.09786439975119221
0.6594594594594595 0.20485098223210452 0.28925310366679136 0.16768239044768846 0.13580011140288062
0.6410810810810811 0.12630474691843696 0.19007025021706536 0.1035838637670064 0.061445462999867084
0.6356756756756756 0.20769230769230773 0.2934782608695653 0.20634469696969696 0.1339393939393939
0.6648648648648648 0.15842444274938555 0.24571954385618988 0.12753667896915977 0.08768459915611815
0.6605405405405406 0.15803303303303295 0.231828193832599 0.14476895327985273 0.05058588635768524
0.6378378378378379 0.16934231238337483 0.2496407797576512 0.13833612040133775 0.08115942028985501
0.6454054054054054 0.153375580373949 0.24168273271046514 0.13503744716313518 0.03495239043163789
0.6832432432432433 0.14326204191690162 0.2088442211055277 0.1259934991368391 0.09771190533687524
0.6475675675675676 0.09216527228246096 0.1487810823988298 0.07165480157807524 0.045041204887752206
0.6518918918918919 0.1631558028616853 0.24514780531501956 0.14940788074023653 0.12922511820561922
0.6454054054054054 0.16105235325224754 0.2350285537891651 0.13781521671408195 0.13081077385835382
0.6421621621621622 0.11001821493624775 0.17071791972866024 0.09493269398290846 0.015183634076142205
0.654054054054054 0.17269243842897308 0.26354011930866983 0.14084695711498768 0.13758958728066562
0.6475675675675676 0.1296370163542082 0.19902020820575628 0.10245301563174386 0.08555119255381027
0.6421621621621622 0.1657176880278589 0.24053537840330574 0.14054116401114794 0.14877342337296573
0.6562162162162162 0.13068245394529387 0.20025876044394575 0.10576514895255845 0.05801049903648081
0.6356756756756756 0.13234334547138438 0.20179084359003163 0.12214105272342227 0.06740435108777187
0.6756756756756757 0.15232752775658953 0.23038591262688168 0.13887302627473008 0.058868501529051986
0.6291891891891892 0.16721477358967868 0.2605439495467087 0.15858322940983136 0.096892228130946
0.6637837837837838 0.18155598817506668 0.2609867330016584 0.1641086487202142 0.07600979192166457
0.6183783783783784 0.1767230767584 0.26331738437001595 0.15286732999639954 0.135909683022145
0.6475675675675676 0.07034976152623207 0.1169861202908129 0.04480136925239217 0.00201342281879191
0.6508108108108108 0.2010499017024303 0.2851253151416284 0.15155084503914154 0.1426620612097358
0.6486486486486487 0.12203030491987277 0.20511476784404148 0.10174960099487237 0.09230485267467625
0.6356756756756756 0.1168326755622377 0.19246646026831793 0.11264759024663606 0.03428159637623973
0.6389189189189189 0.15310480719483066 0.2268516253200894 0.10865928709719067 0.10485656811535404
0.6324324324324324 0.19771241830065367 0.2789303826648226 0.17947212933299034 0.13525087887503995
0.6551351351351351 0.1159022591828398 0.19173192875459144 0.07824648233702813 0.06199694345389717
0.654054054054054 0.13823754541436217 0.21057947332550508 0.12538570146276462 0.024839957321952544
0.6551351351351351 0.18067226890756294 0.2581032412965185 0.17222660893766134 0.12610283424360913
0.6335135135135135 0.09197471471285057 0.14524719798712538 0.07083838836661624 0.038469539891127225
0.6345945945945946 0.09725013220518253 0.15448588709677435 0.06816067459816796 0.04006466470435732
0.6605405405405406 0.11907744993631109 0.18270216583365373 0.07955253514107069 0.11714908581703609
0.6789189189189189 0.19325753569539922 0.2833824441687345 0.15874188740321465 0.11213260423786742
0.6572972972972972 0.1047433117935549 0.1671551297016316 0.07010558892158955 0.03864294858837003
0.6335135135135135 0.1800130748796281 0.26665488194786025 0.16638426691583647 0.09697618410489695
0.692972972972973 0.10432202256667655 0.16278267289389625 0.058446350519577195 0.044089308259685045
0.6616216216216216 0.07437426376306977 0.11976163498258419 0.04944940703594586 0.027757291317465738
0.6681081081081081 0.16356626847827183 0.2406657871001885 0.1446055613023989 0.08523102310231023