0.6486486486486487 0.18028201672391053 0.2593287471336252 0.153788819553245 0.12786677170868344
0.6497297297297298 0.19408989395530452 0.2597379463225399 0.1912755620679771 0.13712751212751206
0.64 0.15810721162403119 0.22272494159211353 0.12288830265038933 0.14040707702922472
0.6486486486486487 0.15900070394056942 0.23139126833627588 0.1495616210229492 0.09861173309449178
0.6508108108108108 0.18304761904761901 0.26694444444444443 0.12423638573217147 0.15156418554476803
0.6378378378378379 0.15907867359262018 0.23116119756427622 0.14409657006645613 0.10336408030385247
0.6691891891891892 0.18617789939736806 0.2597481983527796 0.15922453129147962 0.15091575091575093
0.6356756756756756 0.1822567783094099 0.25485057983942905 0.16288981288981294 0.13846153846153852
0.6281081081081081 0.20225955301574794 0.26577908206201584 0.20437332200801062 0.11748493122456338
0.6713513513513514 0.18125687636500976 0.2484469253623841 0.16260083674271314 0.0666158148995677
0.6270270270270271 0.1644627087255307 0.22893209054593877 0.1492854563277099 0.14102564102564108
0.6594594594594595 0.2155408313860533 0.2868351063829786 0.21108369558556597 0.12918888042650423
0.6410810810810811 0.1689208679209 0.23477137575447116 0.1555996986253247 0.11138613861386137
0.6356756756756756 0.17567567567567577 0.24621212121212133 0.128796115059914 0.19931617055510864
0.6648648648648648 0.3008671103044968 0.3839423571796191 0.28671688637790327 0.21185185185185185
0.6605405405405406 0.2232008592910849 0.29450113378684817 0.18603749945044834 0.1776733553467107
0.6378378378378379 0.25333396238283956 0.32738542831013107 0.24707741835655117 0.15483944954128448
0.6454054054054054 0.15909768829231918 0.24065196548418033 0.14404335239973826 0.07950987066031312
0.6832432432432433 0.20421009882225527 0.26925479696564025 0.18481547016926284 0.11660430595595905
0.6475675675675676 0.17290422795009952 0.24570600813961507 0.1460731778485908 0.09059939437121478
0.6518918918918919 0.11148429537663307 0.17275043968271064 0.06552147110231527 0.07062174882338368
0.6454054054054054 0.17337647556177038 0.2406345910814227 0.1560466112355965 0.10878743734722607
0.6421621621621622 0.20907983718470557 0.28105814178927635 0.1846243216770218 0.142089985486212
0.654054054054054 0.1736004467401927 0.25372372985105085 0.14540499773207896 0.10927721614744512
0.6475675675675676 0.17962519936204147 0.2511708296164139 0.14799003911990424 0.13468039735788218
0.6421621621621622 0.18357213134915762 0.2500628245937344 0.15789194905399545 0.1357323232323232
0.6562162162162162 0.1936637380062457 0.26587733522891355 0.14982297950626797 0.14805366591080882
0.6356756756756756 0.1629660661918727 0.23174073632789238 0.12646317168554982 0.11984293193717277
0.6756756756756757 0.17522918702592016 0.24970159151193627 0.14657565881012224 0.12077228536217999
0.6291891891891892 0.1561081368773677 0.23555602796674224 0.10991795435924759 0.10194972985670658
0.6637837837837838 0.188416636857338 0.25707693672907983 0.15463622570554483 0.15434782608695652
0.6183783783783784 0.17970633355248744 0.2573760200878845 0.16212797619047614 0.17619047619047612
0.6475675675675676 0.14343591741332284 0.21389566631811308 0.12154571083142512 0.0971318257032543
0.6508108108108108 0.20525343602266677 0.2775026455026455 0.17300717500039814 0.14240356684455857
0.6486486486486487 0.07889512050200714 0.1366054401284753 0.04673766021151424 0.026192320936639146
0.6356756756756756 0.24564388081245492 0.3379912044261597 0.2144795080916056 0.21947655108276864
0.6389189189189189 0.1785535266738274 0.2512975560594608 0.13343391403707813 0.15792806484295852
0.6324324324324324 0.17731337704163797 0.24461480482386555 0.1649554873919075 0.1105614482296775
0.6551351351351351 0.19238430670631368 0.2825644504748982 0.14998049975387756 0.1630692808158959
0.654054054054054 0.1968913096249545 0.27285724798418887 0.15810490577203673 0.13589743589743597
0.6551351351351351 0.18731268731268724 0.2570958453311394 0.1400332220518282 0.15774422328986504
0.6335135135135135 0.12907114427150945 0.1911053376423124 0.08801223568543598 0.09952173913043483
0.6345945945945946 0.18357256778309416 0.2566904549509368 0.13981426269360686 0.1748188405797102
0.6605405405405406 0.22881677278688006 0.3008850476803856 0.18318003256012477 0.17482758620689653
0.6789189189189189 0.16942580164056675 0.24594067980082268 0.13637019328665095 0.031105990783410142
0.6572972972972972 0.13893839481969938 0.20783346663112057 0.10884961864519574 0.11303387334315163
0.6335135135135135 0.2119511584404873 0.2916320450722494 0.1563074745877723 0.19913130638155696
0.692972972972973 0.21746347941567068 0.2899513058875609 0.1767496519862005 0.1432253313696612
0.6616216216216216 0.2228287488347842 0.2953365163127696 0.16749988973353117 0.1786520621437353
0.6681081081081081 0.1306480486931615 0.19242735854031534 0.08420876063848814 0.058885710732496044