0.8327828677258657 0.07862959887418927 0.5231265075791175 0.05227042000641363 0.06563899535013895
0.828832014105753 0.1090465413062719 0.6485794014487906 0.0948510966707039 0.13510656392464443
0.8391869918239008 0.09472077766110495 0.5834225567613672 0.055698747554617574 0.07273013711293813
0.8290534591389861 0.1008328731559127 0.5469859257730976 0.10598693127184745 0.18956469990185704
0.8343294314561853 0.10339524718803383 0.5864021971188201 0.08203205978302286 0.135056028607272
0.8389221781104479 0.09707990817384914 0.6081555904106707 0.08436517652368618 0.12355465635040086
0.8451726036222885 0.12161102150205765 0.6655042303169332 0.11713291599145964 0.1959046277284055
0.8309852267185244 0.07728794399631715 0.49786043523121315 0.04473325642789164 0.07067286506431858
0.8319963398962756 0.08743339845938838 0.564224771235571 0.0767502510216681 0.10605343743947715
0.8453300869324066 0.09708729827814298 0.5798986583869297 0.11304540437643792 0.20635734562088226
0.8390090434649127 0.09595569158905311 0.5577299431488691 0.060848435969831166 0.07744435773912373
0.8472510250852682 0.06693646197225121 0.48000614011233766 0.0577018476240049 0.10982004014715135
0.832512212842009 0.09942430379225288 0.5858012180304645 0.08351331981984425 0.12192432337014664
0.8306444992053723 0.11730106439065884 0.6374744839966464 0.11810382794308645 0.190782714670042
0.8207889318762416 0.06888273527276068 0.46782040034746475 0.03508653412367001 0.0502919850824467
0.8116975331854687 0.09344671521917682 0.5369076201543359 0.05003004087553077 0.07916121287887345
0.831331546071269 0.09322689832875009 0.5713703142956577 0.06964683233895436 0.09955901662471717
0.8155904847370641 0.13156538197265466 0.7134749625319761 0.12307150062472186 0.19653585480463626
0.8169377926360153 0.10197827638125062 0.6066565354165894 0.06973694666897468 0.096078358736638
0.8249995311186171 0.1086064873730137 0.6397890820552774 0.10661447932129034 0.18034014362340117
0.8271244812672711 0.07639035879103638 0.4579191906941529 0.02134689100055132 0.008220232033347374
0.8354877493705096 0.11387510782413227 0.6820198483745117 0.1116642073144389 0.18331377333122378
0.842792932212904 0.11683791907688898 0.673816872670369 0.0751054574233816 0.09885944419849074
0.828325308182246 0.1256664791982591 0.7040706414156416 0.1112595791969056 0.16207432089993185
0.8262702231903045 0.11749332623292338 0.6797560797102951 0.10125740177473194 0.16301476157910172
0.829847432399973 0.10289610770826968 0.600342021671385 0.08164924903911111 0.12416874829223762
0.8408170461494954 0.09474668507240154 0.5651127464731939 0.06634741560261574 0.10331363559103768
0.8177369359587074 0.08982784464218845 0.5793694914645613 0.0899449641730866 0.1547462262258922
0.836319310306058 0.1209275247203388 0.6941014390880552 0.11551545746459688 0.18912192820549983
0.8141077331805681 0.08605290798141627 0.5599303155818729 0.08993180166185849 0.152345095185781
0.8468704587326213 0.09904762523257964 0.6003616303438598 0.105815494305723 0.18753465326343127
0.8235579984038658 0.08231467164139097 0.5146358385382794 0.0172467890890864 0.016304149722872363
0.8254969139193584 0.10688414568221545 0.6037969032649786 0.08958759376629474 0.12791061985399366
0.8356843257702053 0.09932643214702419 0.6036773194708613 0.08758478013725374 0.14278203124009903
0.8353963901093656 0.06749026011401493 0.47774321507751694 0.01699930365758026 0.0063963587829128365
0.839083138909786 0.08924754888441615 0.5601558646636886 0.04501713527088957 0.050723899700081676
0.8386119617129708 0.13207662499505116 0.6816118266668518 0.1445933386603749 0.24066479294484228
0.8365268507255571 0.08115721370865434 0.5398650674117649 0.057370495124126716 0.07605799311543893
0.8360012137149031 0.12645766222099886 0.6725773113559236 0.10351116037660832 0.15214923892089877
0.8440404551308783 0.10268467541859869 0.5717311498591096 0.09128346208484395 0.14632397698412192
0.819583817106561 0.09353049401627908 0.5207458066430999 0.035415480890896814 0.021073625956648356
0.8197857662467719 0.09742310798322382 0.5940304611637892 0.05591838851528725 0.07136682972223524
0.8176898533090281 0.0926430177097716 0.5563023897919888 0.049511485633177504 0.05421033202368375
0.825943925771618 0.11029042124827958 0.6114205933990965 0.0921484109766354 0.1234154587143324
0.8320227042149005 0.09832639708390031 0.6073930376926828 0.07961921941298569 0.1176982984738057
0.831456310915364 0.07337378221826295 0.4865001299700479 0.0748954603767095 0.14083283860886825
0.834003306860407 0.1087379089874004 0.6092666000970827 0.09382036093378104 0.13811676911581405
0.8102007464379238 0.09084024140759976 0.5537144925969094 0.05028653245730852 0.06147422269967878
0.8241956281512852 0.10969613942425305 0.6079909206093352 0.09568933340687863 0.14313746784140619
0.8418386910371234 0.08408054890851288 0.575989184399402 0.09120793481563774 0.1610804531918773